 -3.14159e+00  -3.64817e+00  -5.06573e-01
 -2.81090e+00  -2.62852e+00   2.14851e-01
 -2.48020e+00  -2.61234e+00  -7.07153e-02
 -2.14951e+00  -2.13490e+00   9.83307e-02
 -1.81882e+00  -1.95996e+00  -4.42056e-02
 -1.48812e+00  -1.49298e+00   9.48023e-02
 -1.15743e+00  -1.33806e+00  -8.90501e-02
 -8.26735e-01  -7.43599e-01   1.56709e-01
 -4.96041e-01  -5.74219e-01  -3.05836e-02
 -1.65347e-01  -1.73656e-01   8.15078e-03
  1.65347e-01   1.92328e-01   1.05219e-02
  4.96041e-01   5.65478e-01   2.18425e-02
  8.26735e-01   9.70394e-01   7.00870e-02
  1.15743e+00   1.33567e+00   8.66633e-02
  1.48812e+00   1.65656e+00   6.87747e-02
  1.81882e+00   1.77536e+00  -1.40401e-01
  2.14951e+00   1.92151e+00  -3.11715e-01
  2.48020e+00   2.70067e+00   1.59044e-01
  2.81090e+00   2.56301e+00  -2.80356e-01
  3.14159e+00   2.43077e+00  -7.10825e-01
