 -3.14159e+00  -3.45555e+00  -3.13958e-01
 -2.81090e+00  -2.60117e+00   2.42194e-01
 -2.48020e+00  -2.47271e+00   6.89157e-02
 -2.14951e+00  -2.80960e+00  -5.76370e-01
 -1.81882e+00  -2.07188e+00  -1.56120e-01
 -1.48812e+00  -1.90647e+00  -3.18690e-01
 -1.15743e+00  -1.39457e+00  -1.45559e-01
 -8.26735e-01  -9.49265e-01  -4.89576e-02
 -4.96041e-01  -3.93880e-01   1.49756e-01
 -1.65347e-01  -1.66508e-01   1.52981e-02
  1.65347e-01   1.76476e-01  -5.33004e-03
  4.96041e-01   4.97493e-01  -4.61422e-02
  8.26735e-01   8.42153e-01  -5.81547e-02
  1.15743e+00   1.21478e+00  -3.42307e-02
  1.48812e+00   1.75708e+00   1.69297e-01
  1.81882e+00   1.95112e+00   3.53678e-02
  2.14951e+00   2.07605e+00  -1.57182e-01
  2.48020e+00   2.54843e+00   6.80665e-03
  2.81090e+00   2.39217e+00  -4.51200e-01
  3.14159e+00   3.48016e+00   3.38566e-01
