 -3.14159e+00  -2.89397e+00   2.47624e-01
 -2.81090e+00  -2.50562e+00   3.37749e-01
 -2.48020e+00  -2.50930e+00   3.23221e-02
 -2.14951e+00  -2.14537e+00   8.78533e-02
 -1.81882e+00  -1.74489e+00   1.70869e-01
 -1.48812e+00  -1.73060e+00  -1.42816e-01
 -1.15743e+00  -1.18364e+00   6.53684e-02
 -8.26735e-01  -7.42008e-01   1.58299e-01
 -4.96041e-01  -5.97715e-01  -5.40792e-02
 -1.65347e-01  -1.67529e-01   1.42778e-02
  1.65347e-01   1.88256e-01   6.44936e-03
  4.96041e-01   6.21985e-01   7.83494e-02
  8.26735e-01   8.66875e-01  -3.34320e-02
  1.15743e+00   1.09035e+00  -1.58660e-01
  1.48812e+00   1.60865e+00   2.08710e-02
  1.81882e+00   2.13023e+00   2.14475e-01
  2.14951e+00   2.18747e+00  -4.57534e-02
  2.48020e+00   2.70893e+00   1.67299e-01
  2.81090e+00   2.61776e+00  -2.25609e-01
  3.14159e+00   2.86945e+00  -2.72143e-01
