 -3.14159e+00  -3.04789e+00   9.37076e-02
 -2.81090e+00  -2.58993e+00   2.53443e-01
 -2.48020e+00  -2.63253e+00  -9.09083e-02
 -2.14951e+00  -2.39966e+00  -1.66434e-01
 -1.81882e+00  -1.95390e+00  -3.81431e-02
 -1.48812e+00  -1.38287e+00   2.04910e-01
 -1.15743e+00  -1.11820e+00   1.30804e-01
 -8.26735e-01  -8.11562e-01   8.87457e-02
 -4.96041e-01  -5.86568e-01  -4.29324e-02
 -1.65347e-01  -1.90399e-01  -8.59234e-03
  1.65347e-01   1.60957e-01  -2.08498e-02
  4.96041e-01   5.57342e-01   1.37064e-02
  8.26735e-01   9.49300e-01   4.89929e-02
  1.15743e+00   1.45414e+00   2.05131e-01
  1.48812e+00   1.63075e+00   4.29683e-02
  1.81882e+00   1.65558e+00  -2.60178e-01
  2.14951e+00   2.03637e+00  -1.96854e-01
  2.48020e+00   2.49342e+00  -4.82093e-02
  2.81090e+00   3.00903e+00   1.65664e-01
  3.14159e+00   3.22308e+00   8.14919e-02
