 -3.14159e+00  -3.09547e+00   4.61196e-02
 -2.81090e+00  -2.77195e+00   7.14196e-02
 -2.48020e+00  -2.66530e+00  -1.23673e-01
 -2.14951e+00  -2.38390e+00  -1.50672e-01
 -1.81882e+00  -1.73162e+00   1.84139e-01
 -1.48812e+00  -1.62326e+00  -3.54771e-02
 -1.15743e+00  -1.19355e+00   5.54571e-02
 -8.26735e-01  -7.73256e-01   1.27051e-01
 -4.96041e-01  -5.85605e-01  -4.19698e-02
 -1.65347e-01  -1.83743e-01  -1.93617e-03
  1.65347e-01   1.87037e-01   5.23097e-03
  4.96041e-01   4.98541e-01  -4.50947e-02
  8.26735e-01   9.65916e-01   6.56087e-02
  1.15743e+00   1.33161e+00   8.26055e-02
  1.48812e+00   1.62510e+00   3.73158e-02
  1.81882e+00   1.79897e+00  -1.16787e-01
  2.14951e+00   2.51793e+00   2.84701e-01
  2.48020e+00   2.30334e+00  -2.38286e-01
  2.81090e+00   2.62099e+00  -2.22376e-01
  3.14159e+00   3.56501e+00   4.23417e-01
